16 16 21 21 22 22 22 24 24 17 17 17 0 11 11 11 15 15 14 14
16 20 20 21 22 23 22 23 24 29 29 17 0 11 12 11 12 15 14 14
16 20 21 21 25 23 23 23 24 28 29 18 0 8 12 12 12 15 13 13
19 20 20 25 25 25 27 27 27 28 29 18 0 8 8 7 10 10 10 13
19 19 19 26 26 26 26 27 28 28 18 18 0 8 7 7 7 10 13 13
0 0 0 0 0 0 0 0 0 0 0 0 0 0 0 0 0 0 0 0
34 34 31 31 31 35 46 46 46 46 50 33 0 1 4 4 5 5 5 9
30 34 31 35 35 35 32 32 32 32 50 33 0 1 4 4 2 5 9 9
30 34 37 37 40 40 45 45 38 38 50 33 0 1 3 3 2 2 2 9
30 30 37 37 40 40 45 45 38 38 50 33 0 1 3 3 6 6 6 6

9 9 21 21 1 1 1 24 24 17 17 17 0 11 11 11 15 15 44 44
9 20 20 21 1 23 1 23 24 29 29 17 0 11 12 11 12 15 44 44
9 20 21 21 25 23 23 23 24 28 29 18 0 8 12 12 12 15 13 13
19 20 20 25 25 25 27 27 27 28 29 18 0 8 8 7 10 10 10 13
19 19 19 26 26 26 26 27 28 28 18 18 0 8 7 7 7 10 13 13
0 0 0 0 0 0 0 0 0 0 0 0 0 0 0 0 0 0 0 0
34 34 31 31 31 35 46 46 46 46 50 33 0 22 4 4 5 5 5 16
30 34 31 35 35 35 32 32 32 32 50 33 0 22 4 4 2 5 16 16
30 34 37 37 40 40 45 45 38 38 50 33 0 22 3 3 2 2 2 16
30 30 37 37 40 40 45 45 38 38 50 33 0 22 3 3 6 6 6 6